
Caso de estudio 2, tamaño: 3456
*Algoritmo*: MeanShift

Tamaño de cada cluster:
0:  2430 (70.31%)
1:   648 (18.75%)
2:   209 ( 6.05%)
3:    70 ( 2.03%)
4:    47 ( 1.36%)
6:    17 ( 0.49%)
10:    15 ( 0.43%)
7:     9 ( 0.26%)
5:     6 ( 0.17%)
8:     3 ( 0.09%)
11:     1 ( 0.03%)
9:     1 ( 0.03%)
         PRACTICANTE   NEMBANT  NHIJOBIO   NPARANT  NDESEOHIJO
cluster                                                       
0           0.320075  0.091616  0.075367  0.004293    0.113760
1           0.000000  0.091668  0.087302  0.004254    0.113908
2           0.666667  0.090831  0.094327  0.003104    0.136065
3           1.000000  0.092885  0.018367  0.001158    0.154464
4           0.929078  0.154990  0.346505  0.002300    0.188830
5           0.611111  0.424242  0.166667  0.004505    0.208333
6           0.647059  0.299465  0.579832  0.003180    0.261029
7           1.000000  0.323232  0.587302  0.000000    0.243056
8           0.333333  0.818182  0.047619  0.009009    0.166667
9           1.000000  0.102699  0.000000  1.000000    1.000000
10          0.265145  0.375758  0.542857  0.018018    0.241667
11          0.000000  0.545455  1.000000  0.027027    0.437500
*Algoritmo*: KMeans

Tamaño de cada cluster:
3:  1608 (46.53%)
0:   626 (18.11%)
4:   453 (13.11%)
2:   425 (12.30%)
1:   344 ( 9.95%)
         PRACTICANTE   NEMBANT  NHIJOBIO   NPARANT  NDESEOHIJO
cluster                                                       
0           0.000000  0.088500  0.075308  0.004188    0.111422
1           0.780039  0.112739  0.129568  0.005421    0.154251
2           0.322434  0.036951  0.145210  0.007313    0.113235
3           0.318618  0.097344  0.000089  0.003093    0.103856
4           0.315053  0.149375  0.328603  0.006324    0.163079
*Algoritmo*: AgglomerativeClustering

Tamaño de cada cluster:
1:  2027 (58.65%)
0:   651 (18.84%)
3:   418 (12.09%)
2:   232 ( 6.71%)
4:   128 ( 3.70%)
         PRACTICANTE   NEMBANT  NHIJOBIO   NPARANT  NDESEOHIJO
cluster                                                       
0           0.000000  0.092782  0.089533  0.004318    0.114535
1           0.319386  0.084572  0.029741  0.004013    0.106037
2           0.770115  0.086733  0.030172  0.006873    0.142780
3           0.323038  0.136408  0.314081  0.006143    0.156250
4           0.776042  0.196207  0.356027  0.002534    0.186523
*Algoritmo*: MiniBatchKM

Tamaño de cada cluster:
4:  1608 (46.53%)
3:   626 (18.11%)
2:   453 (13.11%)
0:   425 (12.30%)
1:   344 ( 9.95%)
         PRACTICANTE   NEMBANT  NHIJOBIO   NPARANT  NDESEOHIJO
cluster                                                       
0           0.322434  0.036951  0.145210  0.007313    0.113235
1           0.780039  0.112739  0.129568  0.005421    0.154251
2           0.315053  0.149375  0.328603  0.006324    0.163079
3           0.000000  0.088500  0.075308  0.004188    0.111422
4           0.318618  0.097344  0.000089  0.003093    0.103856
*Algoritmo*: DBSCAN

Tamaño de cada cluster:
0:  2443 (70.69%)
3:   651 (18.84%)
2:   236 ( 6.83%)
1:   116 ( 3.36%)
-1:    10 ( 0.29%)
         PRACTICANTE   NEMBANT  NHIJOBIO   NPARANT  NDESEOHIJO
cluster                                                       
-1          0.500000  0.555724  0.228571  0.108108    0.306250
 0          0.320136  0.093026  0.077715  0.004359    0.114409
 1          1.000000  0.128253  0.160099  0.001398    0.172953
 2          0.666667  0.110101  0.141646  0.003092    0.146716
 3          0.000000  0.092782  0.089533  0.004318    0.114535
Resultados:
                 Algoritmo  Número Clusters        SH           CH    Tiempo
0                MeanShift               12  0.525540   718.145164  3.803020
1                   KMeans                5  0.465640  2507.383000  0.096566
2  AgglomerativeClustering                5  0.546730  2513.810191  1.215361
3              MiniBatchKM                5  0.465640  2507.383000  0.145103
4                   DBSCAN                5  0.525521  1459.221408  0.888601